Worker:,Kucharz,211,6752.0,168800.0,1
Worker:,Kelner,200,10000.0,250000.0,1
Worker:,Szef kuchni,24,2160.0,108000.0,1
Worker:,Szef kuchni,16,1440.0,72000.0,2
Worker:,Szef kuchni,16,1440.0,72000.0,3
Worker:,Kucharz,19,608.0,15200.0,2
Worker:,Kucharz,22,704.0,17600.0,3
Worker:,Kucharz,23,414.0,10350.0,4
Worker:,Kelner,12,96.0,2400.0,2
Worker:,Marketingowiec,75,7500.0,375000.0,1
Worker:,Marketingowiec,73,7300.0,365000.0,2
Worker:,Marketingowiec,64,6400.0,320000.0,3
Worker:,Marketingowiec,81,8100.0,405000.0,4
Worker:,Marketingowiec,134,13400.0,670000.0,5
Worker:,Kelner,136,272.0,6800.0,3
Worker:,Kelner,70,140.0,3500.0,4
Worker:,Marketingowiec,15,1500.0,75000.0,6
Worker:,Marketingowiec,4,400.0,20000.0,7
Worker:,Kucharz,6,12.0,300.0,5
Worker:,Kucharz,15,30.0,750.0,6
Player:,70.7506392540014,0.0037588319999999975,6,4,3,7,3,3
Queue:,0.0037588319999999975,0.0037588319999999975,0.0037588319999999975,0.0037588319999999975,0.0037588319999999975,0.0037588319999999975,0.0037588319999999975,0.0037588319999999975,0.0037588319999999975,0.0037588319999999975,0.0037588319999999975,0.0037588319999999975,0.0037588319999999975,0.0037588319999999975,0.0037588319999999975,0.0037588319999999975,0.0037588319999999975,0.0037588319999999975,0.0037588319999999975,0.0037588319999999975,0.0037588319999999975,0.0037588319999999975,0.0037588319999999975,0.0037588319999999975,0.0037588319999999975,0.0037588319999999975,0.0037588319999999975,0.0037588319999999975,0.0037588319999999975,0.0037588319999999975,0.0037588319999999975,0.0037588319999999975,0.0037588319999999975,0.0037588319999999975,0.0037588319999999975,0.0037588319999999975,0.0037588319999999975,0.0037588319999999975,0.0037588319999999975,0.0037588319999999975,0.0037588319999999975,0.0037588319999999975,0.0037588319999999975,0.0037588319999999975,0.0037588319999999975,0.0037588319999999975,0.0037588319999999975,0.0037588319999999975,0.0037588319999999975,0.0037588319999999975,0.0037588319999999975,0.0037588319999999975,0.0037588319999999975,0.0037588319999999975,0.0037588319999999975,0.0037588319999999975,0.0037588319999999975,0.0037588319999999975,0.0037588319999999975,0.0037588319999999975,0.0037588319999999975,0.0037588319999999975,0.0037588319999999975,0.0037588319999999975,0.0037588319999999975,0.0037588319999999975,0.0037588319999999975,0.0037588319999999975,0.0037588319999999975,0.0037588319999999975,0.0037588319999999975,0.0037588319999999975,0.0037588319999999975,0.0037588319999999975,0.0037588319999999975,0.0037588319999999975,0.0037588319999999975,0.0037588319999999975,0.0037588319999999975,0.0037588319999999975,0.0037588319999999975,0.0037588319999999975,0.0037588319999999975,0.0037588319999999975,0.0037588319999999975,0.0037588319999999975,0.0037588319999999975,0.0037588319999999975,0.0037588319999999975,0.0037588319999999975,0.0037588319999999975,0.0037588319999999975,0.0037588319999999975,0.0037588319999999975,0.0037588319999999975,0.0037588319999999975,0.0037588319999999975,0.0037588319999999975,0.0037588319999999975,0.0037588319999999975,0.0037588319999999975,0.0037588319999999975,0.0037588319999999975,0.0037588319999999975,0.0037588319999999975,0.0037588319999999975,0.0037588319999999975,0.0037588319999999975,0.0037588319999999975,0.0037588319999999975,0.0037588319999999975,0.0037588319999999975,0.0037588319999999975,0.0037588319999999975,0.0037588319999999975,0.0037588319999999975,0.0037588319999999975,0.0037588319999999975,0.0037588319999999975,0.0037588319999999975,0.0037588319999999975,0.0037588319999999975,0.0037588319999999975,0.0037588319999999975,0.0037588319999999975,0.0037588319999999975,0.0037588319999999975,0.0037588319999999975,0.0037588319999999975,0.0037588319999999975,0.0037588319999999975,0.0037588319999999975,0.0037588319999999975,0.0037588319999999975,0.0037588319999999975,0.0037588319999999975,0.0037588319999999975,0.0037588319999999975,0.0037588319999999975,0.0037588319999999975,0.0037588319999999975,0.0037588319999999975,0.0037588319999999975,0.0037588319999999975,0.0037588319999999975,0.0037588319999999975,0.0037588319999999975,0.0037588319999999975,0.0037588319999999975,0.0037588319999999975,0.0037588319999999975,0.0037588319999999975,
