Worker:,Kucharz,1,2.0,50.0,0
Worker:,Kelner,1,2.0,50.0,0
Worker:,Marketingowiec,1,100.0,5000.0,1
Worker:,Kucharz,1,2.0,50.0,2
Worker:,Kelner,1,2.0,50.0,2
Worker:,Marketingowiec,1,100.0,5000.0,2
Worker:,Szef kuchni,1,10.0,500.0,1
Player:,3.341999999999995,0.21800000000000003,2,2,1,2,1,1,0,218.0
Queue:,0.108,0.108,0.108,0.108,0.108,0.108,0.108,0.108,0.108,0.108,0.108,0.108,0.108,0.108,0.108,0.108,0.108,0.108,0.108,0.108,0.108,0.108,0.108,0.108,0.108,0.108,0.108,0.108,0.108,0.108,0.108,0.108,0.108,0.108,0.108,0.108,0.108,0.108,0.108,0.108,0.108,0.108,0.108,
ClientCount:,0
